100030310613
100030310614
100033403397
113829658
113829658
24707470
100030310614
113829658
100030310613
100012802463
100031510498
100031619405
100017419303
100014219461
100014019837
100008823482
100009818187
100009023914
100003204576
100003904554
100022400069
100009818187
100008823482
100014001242
100022400069
100008823482
100010600481
100009023914
100003204576
100003904554
100003905051
100031510498
100030110498
100031510498
100030110498
100031619405
100013601543
100016623666
100011318007
100022400070
24707470
100011513896
100011416321
100002418671
100013601543
100016623666
100011318007
100015000036
100020600671
100013601543
100012111461
100010310702
100010017561
2107925
28509556
852108660
100011416321
100010017561
100010418147
100013601543
100013602252
100013601543
100016623666
100013601543
100016623666
100011318007
100011416321
100011513896
100002418671
100022400070
24707470
100011600001
100013601543
100016623666
100011318007
100013602252
100013601543
100016623666
100011513896
100011416321
100010216014
100031510498
100030806351
100031510498
100031619405
100013601543
100016321696
100010902990
100013602252
100013601543
100012802463
100011513896
100011416321
100013601543
100016623666
100013601543
100016623666
100011318007
100013601543
100016623666
100011318007
100013601543
100016623666
100011318007
100031510498
100030110498
100031619405
100015504455
100014804563
100011318007
100031510498
100030110498
100031619405
100017419303
100013601543
100016623666
100011318007
100013602252
100031510498
100031619405
100013601543
100016623666
100011318007
28509554
100013601543
100016623666
100011416321
100017419303
100014904489
100011513896
100014014716
100017419303
100014219461
100014019837
100000709372
100009023915
100018107406
100009023915
100013601543
100016623666
100009023915
100000709372
100011513896
100002418671
100009023915
100013601543
100016623666
100031409316
100003804917
100017521591
100017521591
100013206750
100031409316
100031323544
100031409316
100003804917
100030902639
100022019514
100031121898
100031121898
100019706472
100020702023
100031121898
100022019514
100020702023
100031121898
100022019514
100019706472
100031121898
100020702023
100019706472
100019706472
100020702023
100031121898
100020702023
100019706472
100031121898
100030902639
100022019514
100031121898
100022019514
100020702023
100031121898
100022019514
100020702023
100031121898
100022019514
100030902639
100031121898
100022019514
100020702023
100019706472
100020702023
100031121898
100022019514
100020702023
100031121898
100022019514
100019706472
100022019514
100020702023
100019706472
