100008712716
100020800431
100008913332
100012416423
100011213498
100012416423
100008913332
100011213498
100008913332
100008311659
100009812447
100008913332
100008311659
100009812447
241539720
100008913332
100011213498
3203992
518819880
3203992
3203992
518819880
3203992
518819880
81640507
81640507
81640507
81640507
100008913332
100008712716
3203992
518819880
100008712716
100008913332
100011213498
100012416423
94022225
240516257
94022225
240516257
94022225
94022225
94022225
240516257
94022225
1243327954
94022225
240516257
94022225
94022225
94022225
240516257
94022225
94022225
240516257
94022225
94022225
94022225
240516257
94022225
240516257
94022225
240516257
94022225
94022225
94022225
94022225
240516257
94022225
94022225
94022225
240516257
94022225
94022225
94022225
1081528706
100017809119
100003603612
100003910200
100002909599
100003009685
100002609119
100002510150
100002609119
100002909599
100017809141
100003009674
100003910200
100002909599
100002609119
100002510150
100003309646
