100033615650
100033803139
100033615650
100033416513
100033803139
100033715995
100033615650
100033416513
100033803139
100033615650
100033615650
100001107830
100033615650
100033416513
100033715995
100033715995
100017916252
100033615650
100033615650
1290112892
100033615650
1290112892
100033615650
100033416513
100033715995
100016814222
100018314126
100033615650
100033803139
100033615650
100033715995
100033615650
100033615650
100033416513
100033715995
1290112892
100033615650
100001107830
1290112892
100033615650
100001107830
100017916252
1290112892
100033615650
100001107830
100033615650
100033416513
100017916256
100017916256
100017916256
100017916256
100017916256
100017916256
1276911999
1276911998
1276911996
1276109250
1276911999
1339912006
166926760
100032315920
100033515537
166926760
166926760
100032315920
100019616658
166926760
100019402996
100020017276
166926760
100019402996
100033515537
166926760
100019616658
100019402996
166926760
100019616658
100019716260
112630976
112630976
112630976
112630976
112630976
112630966
112630966
112630966
112630928
112630928
54803294
54803428
54803023
54803024
54803023
348232071
119334588
119334588
