24720311
38811563
38811563
38811563
38811563
38811563
38811563
38811563
38811554
189713883
38811554
189713883
38811554
189713883
38811554
189713883
38811554
189713883
38811554
189713883
38811554
758902651
38811554
38811554
189713883
38811554
38811554
758902651
189713883
189713883
38811554
189713883
38811554
38811554
38811554
189713883
38811554
38811554
38811554
189713883
38811554
38811554
189713883
38811554
189713883
38811554
189713883
38811554
189713883
38811554
38811554
38811554
189713883
189713872
189713872
189713872
189713872
189713872
189713872
189713872
189713872
189713872
189713872
189713872
189713872
189713872
189713872
189713872
189713872
189713872
189713872
189713872
189713872
189713872
189713872
189713872
189713872
189713872
38811555
38811555
38811555
38811555
38811555
38811555
38811555
189713878
189713878
189713878
189713878
189713878
189713878
85513248
189713878
189713878
189713878
189713878
189713878
189713878
189713875
189713875
189713875
189713875
189713875
462223555
189713875
189713873
189713873
189713873
189713873
189713873
189713873
189713873
189713873
189713873
189713873
189713873
189713873
189713873
189713873
189713873
201331375
201331375
