779404779
1258323519
100018919674
100007604559
100004714034
100004714034
100009123104
100007604559
638025581
270226475
1323750105
1323750105
779404779
262214500
302921111
302921111
302921111
449423173
363002596
302921111
302921111
100005313962
100006502223
100005014142
190714398
262214500
258101819
779404779
1258323519
4110740
4110740
4110740
4110740
4110740
1293117688
831126953
188830770
1336044452
612011641
201619979
201619975
1263535077
100030215590
100031315738
100031715563
961210517
100015819186
100001619218
1291205501
84832061
100015819186
961210517
1263535077
1291205501
100001519921
100030315660
270226475
814483
814486
33326601
127934060
188830419
612011725
321635427
474503956
727206708
100015819186
100001519394
100015819186
84832061
1291205501
100005313685
1291205501
100030215590
100031315738
100015819186
1291205501
84832061
100030915781
100022304636
100015819186
100001519394
100022304636
1291205501
280519519
1291205501
100030215590
100018919674
100004714034
100004213673
1326008695
100004714034
448306626
100018919674
100004714034
100032222354
100019619293
100004714034
766931738
117432847
117432847
117432847
