1277012211
1023611528
222616403
647415532
222616403
1044609460
985825064
1044609460
985825064
985825064
1044609460
985825064
1044609460
985825064
1044609460
985825064
1044609460
985825064
839622474
570700694
839622474
100018213150
100017911882
100018213150
100018213150
100018213150
100018213150
100018213150
100017911882
100018213150
100018213150
100018213150
100018213150
100018213150
1264816259
100018213150
100018213150
100018213150
100018213150
100018213150
100017911882
100018213150
100018213150
100018213150
100018213150
100017911882
100018213150
100018213150
100018213150
100017911882
100018213150
100018213150
100018213150
100018213150
100018213150
100018213150
100018213150
100018213150
100018213150
100018213150
100018213150
100018213150
100018213150
100018213150
100018213150
100018213150
100018213150
100018213150
100017911882
100018213150
