40920970
40920970
40920970
40920970
40920970
40920970
40920970
908522667
1310139426
60019500
1310139426
908522667
1302036621
1074935106
640335752
351827504
1302036621
1302036621
1179833791
51940975
224539329
875403190
1302036621
224539329
693503873
224539329
875403190
156316776
294121104
294121104
294121104
294121104
294121104
294121104
37626788
37626788
4124559
4124559
263220945
607002990
263220945
607002990
1338805090
1337510219
1319211519
954803218
364022224
214912496
4124559
4124559
5624649
9321728
1292518921
1317219993
1248325218
1229705654
1248325218
