1337426834
100006519293
100006519300
100021000003
100006519300
100021000003
100006519293
100006519300
100021000003
100006519293
100021000003
100006519300
100006519293
100021000003
100006119278
100012804374
100013005912
100007113692
100013005912
100012804374
100007113692
100013005912
100012804374
100012304292
1337426834
100030108443
100033502299
187231524
36201258
100009415177
100008911388
100008911388
100009415177
208914250
100016716344
36201258
100014800273
100015902000
100033303338
100033618280
100030520369
866922518
866922518
277642100
