100033622900
100032322993
100033123172
100034000150
100032523020
100033622900
100032523020
100033622900
100034000150
1283822945
797214660
160130402
100032423298
100032423297
100035500515
19026294
100033723267
100017619277
100032322991
100017619277
100033723267
100033923100
100017619277
100022605419
100022605418
100012710879
100017619277
100033723267
100033723277
100012710879
100033723267
100033923100
100033723267
100033723277
100032223258
100033723267
100017619277
100032322991
100033723267
100017619277
100032322991
100033723267
100017619277
100033723277
100033723267
100017619277
100032322991
100012710879
100033723267
100022605419
100022605418
100017218962
100020203861
100022605419
100022605418
100033723267
100032322991
100033723277
100032423298
100032423297
100035500515
100032423298
100033823102
100032423297
100033823102
100019319170
100017019200
100033323032
100034400654
100032423297
100017019200
100017619278
100020418963
100017619278
100003017160
100017019200
100017019200
100017619278
100020418963
100020418963
100017019200
100020700192
100032423298
100033823102
100032423297
100017019200
100017619278
100020418963
100032423298
100032423297
100035500515
100017019200
100017619278
100020418963
92210257
100032423298
100033823102
100017019200
100017619278
100003017160
100001608063
100032423298
100035500515
100007522954
100007822916
100007322897
100005409948
100019018515
100033723264
100033723264
100019018515
100005409948
36204842
100033023165
100033023161
36204842
100033823103
100020200043
100033922523
100034000144
36204842
100017218955
100034800106
100020200043
100001611925
100033522785
100033522785
1189439102
36204842
100013102526
100011506253
1262702226
100033123173
100009303242
100016018937
100030612370
100019619555
100033123173
100030612370
100033123173
100033922520
100008416065
100008015712
100033023160
100030608189
100031908295
100033023160
100020700221
100031908295
100033023160
100020501050
100031908295
100033023160
100020501050
100030608189
100033023160
100031908295
100020501050
100033023160
100030608189
100031908295
100033023160
100031908295
100030608189
100033023160
100030608189
100031908295
100033023160
100030608189
100020501050
100033023160
100033023160
100031908295
19026344
19026345
19026282
19026344
19026345
100033622894
100032622742
825012712
100033622894
100032622742
100021600609
100033622894
100033522655
100033622793
100021600609
100033622894
100032622742
100021600609
100030015418
100033622793
100033522655
100021600609
100033622894
100021600609
100032622742
100020119115
825012712
100033622894
100021600609
100032622742
