237535379
1305001462
1305001462
1305001462
1305001462
1279132348
166214668
1279132348
36203840
1279132348
100017617247
100014000989
1305001462
1305001462
1305001462
1305001462
1305001462
36203840
100033818489
1305001462
1279132348
1305001462
1279132348
250823813
1325307986
1325307986
3007351
159802714
379529508
379529508
371612142
440534019
379529508
371612142
440534019
379529508
371612142
440534019
379529508
371612142
1325307986
114829273
3007351
1325307986
114829273
3007351
1325307986
114829273
3007351
209622169
342117216
342117216
342117216
342117216
342117216
342117216
342117217
1337001004
1337001004
1243529047
234723181
1337001004
234723181
234723181
1337001004
1337001004
234723181
234723181
100017216936
