24709640
191417817
85528069
85528069
119403047
30317672
1256516049
30317672
30317663
19034292
45021019
126426852
138620761
106620580
106620580
106620580
1025507767
67016790
106620580
106620580
100009917590
100018010145
100010618660
100009917590
100018010145
100011211714
100010618660
100011617964
100018010145
100011917390
100010618660
100011118062
100009917623
100009917590
100011917390
100010618660
100011617964
100009917590
100018010145
100010618660
100010719185
100009917590
100018010145
100011617986
100010018025
100011617985
100010018025
100011617985
100011617986
100011617986
100011017755
100011617985
45021019
53222897
73410831
18107981
100018010145
53222897
236926187
236926187
236926187
85130309
85130309
85130309
85130309
100009917590
100010618660
100018010145
100030414465
100011017750
100011417509
100003605679
100011417509
100003605679
100011417509
100011017750
100003605679
236926183
236926184
236926184
85321257
458106816
106620580
106620580
1025507767
106620580
47527085
