1272711640
1289716122
100009516377
100008716083
100003704460
100003704460
100009516377
100008716083
100008716083
100009516377
100003704460
100009516377
100008716083
100003704460
100009516377
100009516377
100010303983
100009516377
100008716083
100003704460
100008716083
100009516377
100009516377
100003704460
100008716083
100009516377
100008716083
100003704460
100009516377
100008716083
100003704460
100009516377
100008716083
100003704460
100008716083
100009516377
100003704460
100008716083
100009516377
100003704460
100008716083
100009516377
100003704460
100009516377
100008716083
100003704460
100008716083
100009516377
100003704460
100013901498
100013901498
100008503622
100014602509
100013901498
100008503622
100013901498
100014602509
100005605383
100014602509
100013901498
100004221767
100014800096
100014800096
100014800096
100014800096
37824209
37824210
253223191
100013400432
644822793
644822793
837535214
558712796
100013400432
100020601419
100013400432
100020601419
100008323038
100013400432
100020601419
100014300246
100004704982
100020601419
100008323038
100013400432
