100011613350
100022413453
100011011661
100032201594
100032201594
100011613350
100010413933
100032201594
100010413933
100011011661
100009912978
87225616
100009912978
100011412836
100011613350
100011011661
100009912978
100033001501
87225616
100011412836
100009912978
100033001501
100011011661
100011011661
100011412836
100011011661
100010413933
100022413453
100022413453
100033101362
100033001501
100022413453
100011011661
100011613350
100011011661
100010413933
100032201594
100009912978
100009912978
100011412836
100033001501
100011011661
100011613350
39106708
100011011661
100035300247
100035300248
