82916556
82916556
340124840
82916556
340124840
82916556
82916556
369932223
82916556
82916556
82916556
82916556
82916586
82916586
82916556
82916556
82916557
82916557
82916556
82916556
731130661
731130661
559422900
559422900
82916557
82916557
82916557
559422900
559422900
82916557
559422900
82916557
82916557
82916557
82916557
559422900
82916557
82916557
82916556
82916556
82916556
82916556
82916556
82916556
82916556
82916556
54101643
54101643
52820976
371418857
32718446
1048743187
1048743187
1048743187
811900
811902
1048743187
1048743187
1048743187
811900
811901
1048743187
1048743187
1048743187
811900
1048743187
1048743187
811900
811901
1048743187
811900
1048743187
1048743187
811900
811901
358428280
358428280
358428280
358428280
358428280
358428280
358428280
358428280
358428280
358428280
358428280
358428280
102839362
102839362
102839362
102839362
102839362
102839362
102839362
102839362
102839362
102839362
102839362
102839362
102839362
102839362
102839362
102839362
102839362
102839362
102839362
102839362
102839362
102839362
102839362
102839362
102839362
102839362
102839362
82916556
74735759
