791315183
221433952
791315183
791315183
100008003253
100008703774
100019302202
100006522482
100006522483
5211942
5211942
86236420
597724512
522833375
100014907373
100008003253
100008203447
86236420
597724512
100013822197
100031008863
100007522264
100009405147
100006522483
100006522482
791315182
100006522482
522833375
100006522483
100030708835
100015401509
100006823184
100015401509
100006823184
100015401509
100006823184
100006021829
100015401509
100006021829
100006823184
5211942
5211942
155205329
155205329
155205329
155205329
155205329
155205329
103015642
115533785
103015642
103015642
103015655
103015655
47304667
815392
47304667
47304667
815392
103015642
98200481
98200481
98200481
98200481
98200481
98200481
387330427
387330427
387330427
387330427
96509085
96509085
96509085
96509085
96509085
96509085
96509085
96509085
