280302419
931015468
280302419
1288924515
224112642
100002201445
42430908
48723836
48723836
48723836
48723836
403723590
100002201445
100000007490
100002301240
1288924515
286100175
100030008199
1288924515
286100175
100002201445
1288924515
286100175
1288924515
100002201445
100002901455
1288924515
48723836
48723836
48723836
15020473
100002701868
1012101645
419926455
100002201446
100003301192
100003001279
100017800930
100002401433
100002701868
100021600470
100017800930
100017800930
15020473
100015800936
15020473
100002201446
100003301192
15020473
100002201446
100003301192
15020473
100002701868
100021600470
100003001279
100017800930
100002401433
100003301192
100017800931
100003501483
280302419
206704477
73409027
280302419
100003501483
100002201442
280302419
100003501483
280302419
280302419
206704477
73409027
100003401158
100003501481
100003501481
100003401158
864728419
100003501481
100003401158
864728419
100003501481
100003401158
864728419
100003401158
100003501481
864728419
100003401158
864728419
100003401158
100003401158
100003501481
100003401158
100003501481
864728419
100003401158
100003501481
100003401158
100003501481
100003501481
100003401158
48723836
280302419
206704477
73409027
280302419
280302419
206704477
73409027
280302419
100003501483
100002201442
280302419
100010101877
100003101556
280302419
1168224009
908427301
280302419
280302419
206704477
73409027
100003201195
100002401436
280302419
100002401436
100003201195
280302419
1168224009
79909598
100002401436
100003201195
280302419
100003201195
280302419
280302419
280302419
100003201195
100002401436
280302419
100003201195
100002401436
280302419
280302419
206704477
73409027
1288924515
100002201445
100002201445
100002201445
100003101565
100002201445
100002901455
94007547
94007547
94007547
100002201444
