100006011527
100006011527
92615066
92615066
250535927
259700996
92615066
250535927
160110260
274510039
100019019908
100004725169
100022302262
253325233
1028312909
1028312910
1030108207
1030108207
1028312909
100019019908
100013512260
100005224084
100020502568
1179707078
100011802520
100011802520
100019910396
100005524799
10508174
10508174
10508174
10508174
10508174
10508174
10508174
10508174
10508174
10508174
92615066
100015421034
92615066
214504891
92615066
214504891
92615066
214504891
92615066
214504891
250416827
738422485
92615066
100015421034
92615066
100004725169
214504891
92615066
92615066
275916247
92615066
1296701785
92615066
1296701785
1004529961
92615066
92615066
214504891
92615066
214504891
1311337480
28328834
121903792
1265335985
5333582
5333590
76405358
1265335985
1265335985
1265335985
5333604
155330838
1265335985
5333604
249606415
28328837
28328837
78004467
78004467
1265335985
1265335985
1265335985
64536197
750618400
750618400
1028312910
750618400
1028312909
1179707078
