73718010
84013681
212901040
212901040
359437229
359437231
359437229
1076835290
359437231
359437229
359437231
359437230
359437229
359437229
359437231
359437230
359437229
359437231
359437230
359437229
359437231
359437230
359437229
359437231
359437230
359437229
359437231
359437230
359437229
359437231
359437229
359437231
359437230
1076835290
100018912469
100018912469
24410183
53332645
53332645
1099708186
1299015119
1232038887
1099708186
100032704814
100032704814
100009101667
100021000669
100005520694
100005520694
676628196
1092319918
100005520694
676628196
1092319918
