8402833
330115652
8402833
71936895
100030615114
100014823317
100010117768
24716156
1023920756
466923689
46003264
100022000532
1128235261
100030615114
100031515209
1128235261
62327554
323033647
100030615114
100031515209
1222737319
92617197
100030615114
100031515209
57819339
92617197
100022000532
100016223248
100030615114
100000020399
92617197
100022304434
100021501686
802207441
76131875
21529520
802207441
21529520
76131875
540917979
61727882
24709128
100010416993
100000020399
24709128
24709128
100010416993
100011517046
100000020399
100010416993
24709128
100000020399
100010416993
339219573
20832291
339219573
324804007
339219573
252935152
252935152
962305858
820831434
1338143523
1234913968
252935152
252935152
962305858
820831434
347518766
347518748
814137664
1024421646
100006713664
175435657
46003264
153903046
814137664
1000606280
814137664
103443303
61727882
814137664
100030615114
100031515209
279408038
397605951
279408038
397605951
397605951
397605951
397605951
397605951
80715284
397605951
397605951
1332303327
266813153
1332303327
1332303327
1332303327
1332303327
1332303327
266813153
1332303327
1332303327
266813153
1332303327
266813153
252025012
252025012
257408198
600623850
252025012
252025012
