443326051
100015916163
100012710275
100015916165
322032466
10221241
24715051
725832441
24715051
350320623
493137609
857222672
322032466
100007704609
100007704609
725832441
589529478
259701116
1236836304
602022276
326104638
100007704609
100007704609
326104638
100007704609
284820144
100007704609
100007704609
100007704609
100007704609
100007704609
322032466
759700196
725832441
100020114022
1261711659
100003705608
1254600005
24715051
725832441
100017805020
1254600005
1299006753
24715051
100017805020
100003005383
1254600005
1254600005
25028757
24715051
326104648
1299006753
682715091
100012419646
100012719192
100012419646
100012219244
100001018508
100031516931
100001018508
474725819
100001018508
100008118619
100001618485
100008118619
100001618485
100001618485
100000218512
100001018508
100031516931
100001018508
100016214397
100001618485
100001018508
100031516931
100001618485
100031516931
100001018508
100001618485
474725819
100001018508
100031516931
100001018508
100001618485
100001018508
100001018508
100031516931
100001618485
100001018508
100008118619
445717719
1138230155
100012205862
445717719
1138230155
100012205862
100012205862
100012205862
445717719
968616391
968616391
100015916163
100016513288
100017805018
100003905921
100002605018
100002605018
100003905921
100031506750
100003905921
100002605018
100002706080
100031506750
100003405347
100017805015
100002605018
100017805018
100017805018
100002605018
100003705605
100003905921
100017805018
100017805018
100003905921
100002605018
100003905921
100003705605
100003905921
100002605018
100017805018
100003905921
100002605018
100002605018
100003905921
100003905921
100017805018
100002605018
100003905921
100002605018
100002706080
100017805015
100003405347
100002605018
100003905921
100002706080
100002605018
100003905921
100002605018
100003905921
100031506750
100002706080
100002605018
100003905921
100003705605
100017805018
100002605018
100000009498
100015916163
100012419646
1146500612
71610569
642206169
71610569
