78728777
77801969
92504979
100000415853
100000415853
100000415853
100000415853
100000415853
100000415853
100000415853
100000415853
100008223016
100009023181
100009823037
100000415853
100000415853
100000415853
118116098
100000415853
100000415853
100000415853
100000415853
100000415853
100000415853
100000415853
100000415853
100000415853
100000415853
100000415853
100000415853
625009732
347812379
347812379
347812379
198110578
398600961
347812379
347812379
347812379
347812379
347812379
198110578
7304593
398600961
198110578
779914333
347812379
398600961
198110578
201408767
201408767
787500497
398600961
46022939
46022940
781239785
46022940
340502596
1260004742
46022941
69414594
712232510
61636170
61636170
15006176
810728299
69414594
712232510
69414594
712232510
69414594
712232510
69414594
69414594
810728299
69414594
204513382
810728299
69414594
69414594
810728299
204513382
65809569
65809569
65809569
1310705081
410840883
4711731
294708098
4711731
340607473
488313234
100001512304
100001612161
100007421153
100001512304
100001512304
100001512304
100001612161
100007421153
100001612161
100007421153
100001612161
100007421153
