27823343
27823343
27823343
27823343
100022001507
100006900515
100020501841
100022001507
100022001507
100006900515
100020501841
100022001507
100006900515
100020501841
398732894
25032898
107313652
25032898
100020501841
100006900515
100022001507
100022001507
100006900515
100020501841
100022001507
100006900515
100020501841
100022001507
100006900515
100020501841
100022001507
86207167
86207167
86207167
86207167
100006900515
100020501841
100022001507
90206236
90206236
90206236
232025344
1281939551
1324100164
1281939551
105326412
1281939551
105326412
1281939551
1324100164
322106515
1281939551
1324100164
105326412
100009606746
100008707231
1276335873
1276335873
100009606746
1276335873
1276335873
100008707231
100009606746
100008707231
100009606746
894515482
893727710
894515482
893727710
894515482
893727710
893727710
894515482
894515482
893727710
894515482
893727710
894515482
893727710
894515482
894515482
894515482
894515482
893727710
