100015102209
100015102210
100008814405
100017721419
100022023210
100008814405
100015102209
100008814405
100015102209
100015102210
382724534
100022023210
100022201469
100016703592
100015921280
100015102209
100016703592
100008814405
100015102209
100015102210
100016304149
100016904221
100016304149
100016904221
100033003833
100033303607
100021304991
100018004223
100021304991
100018004223
100018422826
100021304991
100021304991
100018004223
100018200572
267315480
112326401
536637279
824303039
953637922
100030313915
225722607
100030313915
100030313915
