100009715482
119402072
48731267
100008215895
100009315344
48731267
100008716296
100015615830
100009715482
100008215895
100009315344
100008716296
100015615830
747526418
70322596
70322596
160827958
70322596
160827958
70322596
160827958
100008716296
100008215895
164930008
100009315348
100008215895
100009018022
100009617864
100009117514
100009315348
100008215895
100008315355
100008215895
100009315344
100009715482
100008716296
100008215895
100008716296
100008215895
100008716296
100008215895
100008215895
100009315344
100009715482
100008215895
100009315344
100009018022
100009715482
100008716296
100008215895
100008716296
100008315355
100015615829
100008716296
100015615830
100008716296
100015615830
100008716296
100015615830
100015615829
100008716296
100015615830
100008716296
100009315348
100015615830
100009516658
100009715482
100009315348
100009617873
100008215895
100008215895
100032009568
100009715482
100009315344
100015615830
100009516658
100009715482
16515926
16515926
16515926
141306002
16515926
451913079
1000637943
23223682
66415217
66415217
100015615831
100015615831
100015615831
1289718658
100031818547
100031718209
100031018346
981521796
100020005967
100031223009
981521796
100031818547
100031718209
981521796
100031818547
100031718209
981521796
100031818547
100031718209
981521796
100031223009
100031818547
100031223009
100031818547
981521796
