1291804726
100030703510
100031817197
100031017031
100031817199
100030017014
100031017031
100031817199
1291804726
100030703510
100020801600
100031416899
100031817199
100030703510
100031017031
100031817199
1291804726
40206672
98827906
40206672
98827906
40206672
40206672
98827906
40206672
98827906
100015105993
100009717202
319507691
838702000
838702000
410519438
189127781
543223100
189127781
410519438
406221472
189127781
610908626
189127781
406221472
189127779
28001761
189127779
28001761
28001761
267823412
189127779
28001761
326934319
267823412
275420432
28001761
267823412
189127779
267823411
189127782
610908627
189127782
267823411
610908627
189127782
267823411
410519422
267823411
189127782
189127782
267823411
1338139276
326934320
319507695
1338139276
1338139276
326934320
319507695
756721795
410519439
756721795
410519439
189127780
319507694
189127780
319507694
406221471
189127780
319507694
