232341936
136220635
136220635
258515636
136220635
258515636
89713663
314719295
314719295
89713663
89713663
314719295
89713663
314719295
54320270
54320270
54320270
89713663
314719295
89713663
28320774
28320774
28320774
1240037536
118501506
118501506
854308052
118501506
118501506
118501506
854308052
118501506
118501506
83518052
83518052
790335034
18316785
18316785
18316785
18316785
18316785
18316785
18316785
18316785
18316785
18316785
18316785
18316785
18316785
54320270
54320270
54320270
54320270
54320270
54320270
54320270
54320270
3921041
3921041
3921041
3921041
3921041
3921041
3921041
3921041
3921041
3921041
3921041
3921041
3921041
3921041
3921041
3921041
3921041
3921041
3921041
3921041
3921041
3921041
3921041
18316785
112129233
193801337
112129233
193801337
121629065
121629065
417031727
1240037536
107028042
243123862
