100016812927
929533512
100016615519
100016812927
100016615519
918617910
627635710
699435710
100015308539
100011920724
100016709358
100016615519
100015308539
100016615519
100016709360
100016709359
100016709359
100016615519
100016709358
100016812927
100016615519
100016709359
100015308539
100015308539
100011920724
100011521968
100016615519
100011920724
100015308539
100011920724
100016709358
300007274
220401819
100016709359
100016709358
100016615519
100011521968
100016615519
100016709360
100016615519
100015308539
100011920724
100016615519
100015308539
100011920724
100016615519
100016709359
100015308539
100016709360
100016615519
100015308539
100016709359
100015308539
100016615519
100016615519
100016709360
100016709359
100016615519
100016709358
100015308539
100011920724
100016709358
1301921310
59901004
100015308539
100011920724
1287925096
25207516
946125072
1287925096
1286138820
1286138820
417411980
769417147
769417147
769417147
769417147
769417147
769417147
