100015913462
100030813071
100013912543
36200897
36200897
100017609796
24715248
545926087
183232727
24715248
24715248
24715248
64435236
24715248
100005513247
24715248
210016095
1220821017
1313631485
1313631522
1220821017
1029601386
1220821017
100020405244
1220821017
100020405244
78605923
100015313549
100020405244
101102150
101102150
101102150
101102150
101102150
101102150
101102150
32721155
32721155
82117888
82117888
1083619145
82117888
82117888
1083619145
82117888
267401819
267401819
78605931
1284617982
1284617982
100033916340
100021600325
1284617982
100019716512
100033916340
1284617982
1284617982
100021600325
100019716512
1284617982
100021600325
100033916340
1284617982
100019716512
100032522048
1284617982
100021600325
100033916340
1284617982
100021600325
100033916340
1284617982
77723987
737013305
77723987
737013305
77723987
77723987
737013305
737013305
77723987
737013305
77723987
737013305
77723987
737013305
226023151
226023151
226023151
226023151
100033000002
100004316397
100004316397
100003502509
100004316397
100002502713
100002502713
100004316397
100030324249
100030324249
100030324249
100004316397
100003502509
100033000002
100003502509
100004316397
100002502713
100030324249
100030324249
100003502509
100010102713
100033702289
100018101719
100015101662
100033702289
100018101719
100015101662
100015101662
100015101661
100018101719
100016011799
100022002412
100007409306
100006009657
100012108932
100011908448
100009908593
100012108932
100011609031
100009908593
100012108932
100015101662
107605908
6827073
6827230
6827073
6827073
6827073
6827073
6827073
6827073
6827073
