48727807
100005612213
100005119191
100016811220
100004324878
100020502572
382722187
48727807
100005119191
100005612213
48727807
100031015277
100011716485
100014402095
48727807
100016811220
48727807
100020502572
100007300225
788308166
48727807
100014602500
100005612213
100013800225
100004324878
48727807
100005119191
100005612213
48727807
100008500899
100013800225
100005612213
100013800225
100004324878
100016811220
100005025340
48727807
100008500899
48727807
100016811220
48727807
100005025340
100008500899
100031015277
100020502572
48727807
100020502572
100004025186
100020902550
193803126
100016811220
48727807
100005119191
48727807
100005119191
100005612213
48727807
100031015277
100033105039
193803065
334908230
100005612213
100005410720
100004324878
655900950
100031015277
100011716485
100033105039
100005518599
100008500899
100004324878
100011716485
100020502572
100020502572
100020502572
100004025186
100020902550
334908184
100005612213
100011716485
100016811220
100014402095
100007300225
100005025338
100008500899
100011716485
100020502572
100005025340
100008500899
100014402095
34621888
610824743
100013800225
100005119191
100005612213
100004324878
100005119191
100005612213
100031015277
100030115239
100020502572
100016811220
100020902550
100017711232
100014402095
100013501006
100005612213
193803209
100017711232
100005119191
100004324878
100014402095
100013800225
100005612213
100004324878
100020902550
100005612213
100004324878
